36,35
25,4
25,1
25,3
24,4
24,1
24,3
3,2
3,1
3,3
10,276
10,272
10,282
10,192
10,124
10,134
10,116
10,1
10,284
10,2
10,3
11,8
11,7
11,16
11,11
11,21
11,1
11,15
11,2
11,3
9,7
9,4
9,1
9,6
9,2
9,3
8,16
8,9
8,11
8,1
8,8
8,2
8,3
12,2
12,1
12,3
20,2
20,1
20,3
19,2
19,1
19,3
18,1
18,3
35,7
35,6
35,3
35,2
35,0
34,2
34,0
33,67
33,65
33,64
33,36
33,35
33,34
33,33
33,32
33,31
33,30
33,29
33,28
33,27
33,26
33,25
33,24
33,23
33,22
33,21
33,20
33,19
33,18
33,17
33,16
33,15
33,14
33,13
33,12
33,11
33,10
33,9
33,8
33,7
33,6
33,5
33,2
33,0
32,4
32,3
32,2
32,1
2,2
2,1
32,0
31,8
31,7
2,3
31,6
31,5
31,4
31,3
31,2
